0 0.1
0.01 0.100001
0.02 0.100002
0.03 0.100003
0.04 0.100005
0.05 0.100007
0.06 0.100009
0.07 0.100011
0.08 0.100014
0.09 0.100018
0.1 0.100022
0.11 0.100027
0.12 0.100034
0.13 0.100042
0.14 0.100052
0.15 0.100063
0.16 0.100077
0.17 0.100094
0.18 0.100113
0.19 0.100136
0.2 0.100164
0.21 0.100195
0.22 0.100232
0.23 0.100275
0.24 0.100324
0.25 0.10038
0.26 0.100445
0.27 0.100518
0.28 0.100602
0.29 0.100696
0.3 0.100803
0.31 0.100922
0.32 0.101057
0.33 0.101207
0.34 0.101374
0.35 0.10156
0.36 0.101766
0.37 0.101994
0.38 0.102246
0.39 0.102523
0.4 0.102828
0.41 0.103162
0.42 0.103528
0.43 0.103928
0.44 0.104365
0.45 0.10484
0.46 0.105357
0.47 0.105917
0.48 0.106525
0.49 0.107183
0.5 0.107894
0.51 0.108661
0.52 0.109488
0.53 0.110378
0.54 0.111335
0.55 0.112362
0.56 0.113464
0.57 0.114645
0.58 0.11591
0.59 0.117261
0.6 0.118705
0.61 0.120246
0.62 0.121888
0.63 0.123638
0.64 0.125501
0.65 0.127481
0.66 0.129586
0.67 0.131821
0.68 0.134192
0.69 0.136706
0.7 0.13937
0.71 0.14219
0.72 0.145174
0.73 0.14833
0.74 0.151666
0.75 0.155189
0.76 0.158909
0.77 0.162835
0.78 0.166975
0.79 0.17134
0.8 0.175939
0.81 0.180784
0.82 0.185886
0.83 0.191256
0.84 0.196907
0.85 0.202851
0.86 0.209103
0.87 0.215676
0.88 0.222586
0.89 0.229849
0.9 0.237481
0.91 0.245501
0.92 0.253929
0.93 0.262783
0.94 0.272087
0.95 0.281864
0.96 0.292138
0.97 0.302937
0.98 0.314289
0.99 0.326227
