0 0.5
0.01 0.510001
0.02 0.530005
0.03 0.56002
0.04 0.60006
0.05 0.65015
0.06 0.710333
0.07 0.780682
0.08 0.861311
0.09 0.952408
0.1 1.05426
0.11 1.16732
0.12 1.29225
0.13 1.43011
0.14 1.58249
0.15 1.75195
0.16 1.94275
0.17 2.16251
0.18 2.42696
0.19 2.77765
0.2 3.42214
0.21 2.6056
0.22 3.45203
0.23 3.07827
0.24 2.38437
0.25 3.69187
0.26 3.54257
0.27 3.38488
0.28 3.21396
0.29 3.02193
0.3 2.79397
0.31 2.4951
0.32 1.99436
0.33 -16.6998
0.34 -16.6614
0.35 -16.6089
0.36 -16.5331
0.37 -16.4117
0.38 -16.1717
0.39 -15.6145
0.4 -15.3419
0.41 -14.8924
0.42 -14.5825
0.43 -14.2117
0.44 -13.8919
0.45 -13.57
0.46 -13.2658
0.47 -12.9725
0.48 -12.6906
0.49 -12.4194
0.5 -12.1582
0.51 -11.9064
0.52 -11.6635
0.53 -11.4289
0.54 -11.2023
0.55 -10.9832
0.56 -10.7711
0.57 -10.5658
0.58 -10.3669
0.59 -10.174
0.6 -9.98685
0.61 -9.80522
0.62 -9.62882
0.63 -9.4574
0.64 -9.29074
0.65 -9.12863
0.66 -8.97086
0.67 -8.81726
0.68 -8.66765
0.69 -8.52186
0.7 -8.37975
0.71 -8.24117
0.72 -8.10597
0.73 -7.97405
0.74 -7.84527
0.75 -7.71953
0.76 -7.59673
0.77 -7.47675
0.78 -7.35951
0.79 -7.24493
0.8 -7.13292
0.81 -7.02339
0.82 -6.91629
0.83 -6.81154
0.84 -6.70908
0.85 -6.60885
0.86 -6.51078
0.87 -6.41483
0.88 -6.32095
0.89 -6.22908
0.9 -6.13919
0.91 -6.05122
0.92 -5.96515
0.93 -5.88092
0.94 -5.79851
0.95 -5.71787
0.96 -5.63899
0.97 -5.56182
0.98 -5.48633
0.99 -5.4125
